9766219136753725,0
5486773033515475,1
9067553989217713,1
5740827331080917,1
2401402696577584,0
9888182079791417,0
8785169956390300,0
5995789439318372,1
6059432320058395,0
1034596041009455,0
6960995975493459,1
9214852392025044,1
7699764731616435,0
1319065194173568,1
4460484446717294,0
4422045315433589,0
6072181175349051,1
5451446728099761,0
3229271419304540,0
5093124674020227,0
1670908517275341,1
4452164645269577,1
9137808787960084,0
6234754307283576,1
2605500125144997,0
6182168915167623,0
5059550039757626,1
8332553274467222,1
9058681964502656,0
9470965662534867,0
9130628844759561,1
2422662005073406,1
6304966805927426,1
4874617566480154,1
6020795258429149,1
1963292754684568,1
1701737446938775,1
6073463205318829,0
2181446773921810,1
9625507274263636,1
5080376714690591,0
8268512241164588,0
2867096407890734,0
2847485951549129,0
2455903099565872,0
7741353951179246,1
5945904763530676,1
3400021417419480,0
5779128073045140,1
9207127856683249,0
4121903860910483,1
1100006090370656,0
6179140366191111,1
4815288483367887,1
5056209914834849,1
9289695566037399,1
2785312622219679,1
9493193855045326,1
8622709940135784,1
2773479997749583,0
9328919183301197,0
3905233519236694,0
2696983705048633,1
7108476802942216,1
1836309642862845,1
7758634087676909,0
7504598008626755,0
2588247365256868,0
1131204693763254,1
9798122620279958,1
6027684560636496,1
1337465486522979,0
5563457536942704,1
9847783630560017,1
7395751002128557,0
3407779892289264,1
8655122115910685,1
7508384267405828,1
3834903177264254,1
2262330360125929,1
7959403326714480,0
6488238395029560,1
4220052900001204,1
6479960442148273,1
6299235405400458,0
8556157090596134,1
1241274279770477,1
8037764570471839,0
3928846448396056,1
8455053093108727,1
1240138068446924,0
9424635567965535,0
1188789669823672,1
8388145383424084,0
4521254600239313,0
7978586663078113,0
4769093392266205,1
7134437998535996,0
8824505168151592,0
5890081264485981,1
